#github commit way2
<<<<<<< HEAD
#add second comment
=======
#add second comment

x <- 1+1

y <- 2+2
>>>>>>> 7a566ad7b8bf6bc45c529f4b57dc96f3b756ab18

z <- 1