22222
#edit in github

t <- 2+1+1+1